11.958	90.000	157.818	5671.000	1
11.902	89.000	157.307	5671.000	1
11.748	88.000	155.914	5671.000	1
11.531	87.000	153.947	5671.000	1
11.284	86.000	151.703	5671.000	1
11.028	85.000	149.382	5671.000	1
10.774	84.000	147.090	5671.000	1
10.529	83.000	144.876	5671.000	1
14.166	82.000	177.979	5651.000	1
13.238	81.000	169.638	5651.000	1
12.562	80.000	163.580	5651.000	1
15.779	79.000	192.656	5631.000	1
14.514	78.000	181.390	5631.000	1
17.787	77.000	210.707	5611.000	1
15.978	76.000	194.722	5611.000	1
18.596	75.000	218.067	5591.000	1
21.407	74.000	242.890	5571.000	1
18.622	73.000	218.623	5571.000	1
20.350	72.000	233.967	5551.000	1
21.930	71.000	247.913	5531.000	1
23.313	70.000	260.055	5511.000	1
24.451	69.000	270.033	5491.000	1
25.325	68.000	277.713	5471.000	1
25.951	67.000	283.264	5451.000	1
26.368	66.000	287.075	5431.000	1
26.626	65.000	289.586	5411.000	1
31.180	64.000	327.534	5371.000	1
30.461	63.000	321.946	5351.000	1
29.927	62.000	317.993	5331.000	1
33.435	61.000	346.655	5291.000	1
32.248	60.000	337.600	5271.000	1
35.133	59.000	360.868	5231.000	1
38.197	58.000	385.109	5191.000	1
41.572	57.000	411.284	5151.000	1
37.794	56.000	382.880	5131.000	1
39.542	55.000	396.646	5091.000	1
40.985	54.000	407.966	5051.000	1
42.092	53.000	416.699	5011.000	1
42.880	52.000	423.066	4971.000	1
48.856	51.000	466.309	4911.000	1
48.139	50.000	461.682	4871.000	1
47.595	49.000	458.504	4831.000	1
52.066	48.000	489.726	4771.000	1
50.444	47.000	479.400	4731.000	1
53.813	46.000	502.484	4671.000	1
57.197	45.000	525.076	4611.000	1
60.469	44.000	546.361	4551.000	1
56.119	43.000	519.617	4511.000	1
57.698	42.000	530.367	4451.000	1
65.268	41.000	576.900	4371.000	1
65.195	40.000	576.947	4311.000	1
64.944	39.000	576.183	4251.000	1
64.621	38.000	575.262	4191.000	1
69.549	37.000	603.625	4111.000	1
67.981	36.000	595.990	4051.000	1
71.779	35.000	617.217	3971.000	1
75.662	34.000	638.087	3891.000	1
79.648	33.000	658.653	3811.000	1
74.555	32.000	634.454	3751.000	1
76.413	31.000	644.618	3671.000	1
82.944	30.000	676.118	3571.000	1
82.726	29.000	676.567	3483.000	11
53.554	29.000	794.380	3483.000	12
151.010	29.000	1126.494	2411.000	1
69.578	28.000	619.447	3483.000	11
46.520	28.000	763.827	3483.000	12
141.080	28.000	1084.705	2351.000	1
62.237	27.000	588.625	3483.000	11
42.395	27.000	746.509	3483.000	12
135.476	27.000	1062.644	2291.000	1
56.752	26.000	566.380	3483.000	11
39.203	26.000	733.562	3483.000	12
131.045	26.000	1046.334	2231.000	1
52.258	25.000	548.796	3483.000	11
36.509	25.000	723.025	3483.000	12
135.522	25.000	1065.685	2151.000	1
48.395	24.000	534.237	3483.000	11
34.135	24.000	714.079	3483.000	12
130.236	24.000	1047.037	2091.000	1
44.974	23.000	521.843	3483.000	11
31.986	23.000	706.291	3483.000	12
134.957	23.000	1065.773	2011.000	1
41.883	22.000	511.094	3483.000	11
30.005	22.000	699.403	3483.000	12
128.389	22.000	1044.248	1951.000	1
39.047	21.000	501.651	3483.000	11
28.154	21.000	693.242	3483.000	12
131.172	21.000	1055.589	1871.000	1
36.416	20.000	493.277	3483.000	11
26.409	20.000	687.689	3483.000	12
133.852	20.000	1065.826	1791.000	1
33.951	19.000	485.802	3483.000	11
24.750	19.000	682.658	3483.000	12
135.983	19.000	1073.743	1711.000	1
31.625	18.000	479.097	3483.000	11
23.163	18.000	678.084	3483.000	12
137.066	18.000	1078.223	1631.000	1
29.416	17.000	473.062	3483.000	11
21.637	17.000	673.915	3483.000	12
136.940	17.000	1079.343	1551.000	1
27.307	16.000	467.619	3483.000	11
20.164	16.000	670.112	3483.000	12
135.882	16.000	1078.357	1471.000	1
25.283	15.000	462.705	3483.000	11
18.735	15.000	666.642	3483.000	12
134.226	15.000	1076.485	1391.000	1
23.332	14.000	458.268	3483.000	11
17.344	14.000	663.481	3483.000	12
146.606	14.000	1106.681	1291.000	1
21.446	13.000	454.267	3483.000	11
15.988	13.000	660.604	3483.000	12
129.801	13.000	1072.588	1231.000	1
129.801	13.000	1072.588	1231.000	1
19.615	12.000	450.667	3483.000	11
14.661	12.000	657.995	3483.000	12
110.336	12.000	1035.124	1217.000	1
17.832	11.000	447.438	3483.000	11
13.360	11.000	655.638	3483.000	12
93.816	11.000	1005.128	1217.000	1
16.092	10.000	444.557	3483.000	11
12.081	10.000	653.521	3483.000	12
81.219	10.000	984.243	1217.000	1
14.388	9.000	442.002	3483.000	11
10.822	9.000	651.634	3483.000	12
70.496	9.000	968.150	1217.000	1
12.716	8.000	439.756	3483.000	11
9.580	8.000	649.965	3483.000	12
60.921	8.000	955.282	1217.000	1
11.071	7.000	437.806	3483.000	11
8.353	7.000	648.510	3483.000	12
52.124	7.000	944.844	1217.000	1
9.449	6.000	436.137	3483.000	11
7.137	6.000	647.260	3483.000	12
43.884	6.000	936.364	1217.000	1
7.846	5.000	434.741	3483.000	11
5.933	5.000	646.211	3483.000	12
36.051	5.000	929.541	1217.000	1
6.258	4.000	433.610	3483.000	11
4.736	4.000	645.358	3483.000	12
28.522	4.000	924.171	1217.000	1
4.683	3.000	432.736	3483.000	11
3.546	3.000	644.699	3483.000	12
21.214	3.000	920.116	1217.000	1
3.117	2.000	432.116	3483.000	11
2.362	2.000	644.229	3483.000	12
14.060	2.000	917.280	1217.000	1
1.557	1.000	431.745	3483.000	11
1.180	1.000	643.948	3483.000	12
7.006	1.000	915.602	1217.000	1
10.886	90.000	269.598	5671.000	2
10.854	89.000	269.066	5671.000	2
10.762	88.000	267.565	5671.000	2
10.625	87.000	265.323	5671.000	2
10.458	86.000	262.604	5671.000	2
10.275	85.000	259.626	5671.000	2
10.086	84.000	256.544	5671.000	2
9.896	83.000	253.450	5671.000	2
9.707	82.000	250.395	5671.000	2
13.141	81.000	306.574	5651.000	2
12.315	80.000	293.260	5651.000	2
11.715	79.000	283.613	5651.000	2
11.236	78.000	275.938	5651.000	2
14.076	77.000	321.981	5631.000	2
13.084	76.000	306.214	5631.000	2
12.377	75.000	295.010	5631.000	2
14.781	74.000	333.654	5611.000	2
17.614	73.000	378.583	5591.000	2
19.812	72.000	413.309	5571.000	2
21.535	71.000	440.439	5551.000	2
22.817	70.000	460.628	5531.000	2
23.719	69.000	474.884	5511.000	2
24.327	68.000	484.653	5491.000	2
24.729	67.000	491.314	5471.000	2
30.125	66.000	573.125	5431.000	2
29.166	65.000	559.231	5411.000	2
28.584	64.000	551.201	5391.000	2
32.439	63.000	608.675	5351.000	2
31.133	62.000	590.283	5331.000	2
34.176	61.000	635.181	5291.000	2
37.294	60.000	680.444	5251.000	2
40.476	59.000	725.881	5211.000	2
36.866	58.000	675.984	5191.000	2
38.587	57.000	700.969	5151.000	2
39.986	56.000	721.302	5111.000	2
47.315	55.000	821.286	5051.000	2
47.076	54.000	818.608	5011.000	2
46.810	53.000	815.894	4971.000	2
46.550	52.000	813.564	4931.000	2
51.358	51.000	876.524	4871.000	2
49.909	50.000	859.188	4831.000	2
53.657	49.000	907.307	4771.000	2
57.597	48.000	956.613	4711.000	2
54.341	47.000	918.258	4671.000	2
56.594	46.000	946.779	4611.000	2
58.449	45.000	970.145	4551.000	2
59.876	44.000	988.248	4491.000	2
67.977	43.000	1080.989	4411.000	2
67.279	42.000	1074.051	4351.000	2
66.775	41.000	1069.834	4291.000	2
74.098	40.000	1148.855	4211.000	2
71.050	39.000	1118.024	4151.000	2
76.955	38.000	1179.394	4071.000	2
73.239	37.000	1143.470	4011.000	2
76.883	36.000	1180.803	3931.000	2
80.476	35.000	1216.346	3851.000	2
83.898	34.000	1249.049	3771.000	2
78.335	33.000	1200.086	3711.000	2
87.940	32.000	1286.539	3611.000	2
86.072	31.000	1272.015	3531.000	2
78.452	30.000	1210.610	3483.000	22
68.664	29.000	1131.698	3483.000	22
62.176	28.000	1081.040	3483.000	22
57.094	27.000	1042.656	3483.000	22
52.833	26.000	1011.558	3483.000	22
49.121	25.000	985.417	3483.000	22
45.804	24.000	962.922	3483.000	22
42.789	23.000	943.259	3483.000	22
40.011	22.000	925.873	3483.000	22
37.425	21.000	910.373	3483.000	22
34.997	20.000	896.471	3483.000	22
32.703	19.000	883.945	3483.000	22
30.521	18.000	872.624	3483.000	22
28.435	17.000	862.370	3483.000	22
26.434	16.000	853.072	3483.000	22
46.679	15.000	696.507	3483.000	21
24.504	15.000	844.641	3483.000	22
39.821	14.000	668.364	3483.000	21
22.638	14.000	836.999	3483.000	22
34.930	13.000	649.668	3483.000	21
20.827	13.000	830.087	3483.000	22
30.918	12.000	635.455	3483.000	21
19.064	12.000	823.848	3483.000	22
27.424	11.000	624.057	3483.000	21
17.344	11.000	818.240	3483.000	22
24.275	10.000	614.669	3483.000	21
15.661	10.000	813.225	3483.000	22
21.373	9.000	606.834	3483.000	21
14.010	9.000	808.770	3483.000	22
18.656	8.000	600.262	3483.000	21
12.388	8.000	804.848	3483.000	22
16.079	7.000	594.760	3483.000	21
10.789	7.000	801.437	3483.000	22
13.611	6.000	590.190	3483.000	21
9.211	6.000	798.515	3483.000	22
11.228	5.000	586.454	3483.000	21
7.651	5.000	796.069	3483.000	22
8.910	4.000	583.480	3483.000	21
6.104	4.000	794.085	3483.000	22
6.642	3.000	581.215	3483.000	21
4.569	3.000	792.552	3483.000	22
4.409	2.000	579.622	3483.000	21
3.041	2.000	791.463	3483.000	22
2.199	1.000	578.675	3483.000	21
1.519	1.000	790.812	3483.000	22
