0.000	180.000	79.881	5671.000	1
0.091	179.000	79.888	5671.000	1
0.182	178.000	79.910	5671.000	1
0.273	177.000	79.946	5671.000	1
0.364	176.000	79.997	5671.000	1
0.455	175.000	80.062	5671.000	1
0.546	174.000	80.141	5671.000	1
0.638	173.000	80.235	5671.000	1
0.730	172.000	80.344	5671.000	1
0.822	171.000	80.467	5671.000	1
0.914	170.000	80.605	5671.000	1
1.006	169.000	80.758	5671.000	1
1.099	168.000	80.926	5671.000	1
1.192	167.000	81.109	5671.000	1
1.285	166.000	81.307	5671.000	1
1.379	165.000	81.520	5671.000	1
1.473	164.000	81.748	5671.000	1
1.567	163.000	81.992	5671.000	1
1.662	162.000	82.251	5671.000	1
1.758	161.000	82.527	5671.000	1
1.854	160.000	82.818	5671.000	1
1.950	159.000	83.125	5671.000	1
2.047	158.000	83.448	5671.000	1
2.145	157.000	83.787	5671.000	1
2.243	156.000	84.144	5671.000	1
2.342	155.000	84.516	5671.000	1
2.442	154.000	84.906	5671.000	1
2.542	153.000	85.313	5671.000	1
2.643	152.000	85.737	5671.000	1
2.745	151.000	86.179	5671.000	1
2.848	150.000	86.638	5671.000	1
2.952	149.000	87.116	5671.000	1
3.056	148.000	87.612	5671.000	1
3.161	147.000	88.126	5671.000	1
3.268	146.000	88.659	5671.000	1
3.375	145.000	89.211	5671.000	1
3.483	144.000	89.782	5671.000	1
3.593	143.000	90.373	5671.000	1
3.703	142.000	90.984	5671.000	1
3.815	141.000	91.614	5671.000	1
3.927	140.000	92.265	5671.000	1
4.041	139.000	92.937	5671.000	1
4.156	138.000	93.629	5671.000	1
4.273	137.000	94.343	5671.000	1
4.390	136.000	95.078	5671.000	1
4.509	135.000	95.835	5671.000	1
4.629	134.000	96.615	5671.000	1
4.751	133.000	97.416	5671.000	1
4.874	132.000	98.240	5671.000	1
4.999	131.000	99.087	5671.000	1
5.125	130.000	99.958	5671.000	1
5.252	129.000	100.852	5671.000	1
5.381	128.000	101.769	5671.000	1
5.512	127.000	102.711	5671.000	1
5.644	126.000	103.677	5671.000	1
5.778	125.000	104.668	5671.000	1
5.914	124.000	105.683	5671.000	1
6.051	123.000	106.723	5671.000	1
6.190	122.000	107.789	5671.000	1
6.331	121.000	108.880	5671.000	1
6.474	120.000	109.997	5671.000	1
6.618	119.000	111.141	5671.000	1
6.765	118.000	112.310	5671.000	1
6.913	117.000	113.506	5671.000	1
7.064	116.000	114.729	5671.000	1
7.216	115.000	115.979	5671.000	1
7.371	114.000	117.257	5671.000	1
7.528	113.000	118.563	5671.000	1
7.687	112.000	119.898	5671.000	1
7.848	111.000	121.262	5671.000	1
8.012	110.000	122.657	5671.000	1
8.179	109.000	124.083	5671.000	1
8.348	108.000	125.543	5671.000	1
8.521	107.000	127.037	5671.000	1
8.697	106.000	128.570	5671.000	1
8.876	105.000	130.143	5671.000	1
9.060	104.000	131.761	5671.000	1
9.249	103.000	133.429	5671.000	1
9.443	102.000	135.152	5671.000	1
9.644	101.000	136.938	5671.000	1
9.852	100.000	138.795	5671.000	1
10.068	99.000	140.731	5671.000	1
10.293	98.000	142.756	5671.000	1
10.529	97.000	144.876	5671.000	1
10.774	96.000	147.090	5671.000	1
11.028	95.000	149.382	5671.000	1
11.284	94.000	151.703	5671.000	1
11.531	93.000	153.947	5671.000	1
11.748	92.000	155.913	5671.000	1
11.902	91.000	157.307	5671.000	1
0.000	180.000	145.371	5671.000	2
0.090	179.000	145.383	5671.000	2
0.179	178.000	145.422	5671.000	2
0.269	177.000	145.486	5671.000	2
0.359	176.000	145.575	5671.000	2
0.449	175.000	145.691	5671.000	2
0.539	174.000	145.832	5671.000	2
0.629	173.000	145.999	5671.000	2
0.720	172.000	146.192	5671.000	2
0.810	171.000	146.411	5671.000	2
0.901	170.000	146.656	5671.000	2
0.992	169.000	146.927	5671.000	2
1.083	168.000	147.224	5671.000	2
1.175	167.000	147.549	5671.000	2
1.267	166.000	147.899	5671.000	2
1.359	165.000	148.277	5671.000	2
1.452	164.000	148.682	5671.000	2
1.545	163.000	149.114	5671.000	2
1.638	162.000	149.573	5671.000	2
1.732	161.000	150.060	5671.000	2
1.826	160.000	150.575	5671.000	2
1.921	159.000	151.118	5671.000	2
2.017	158.000	151.689	5671.000	2
2.112	157.000	152.289	5671.000	2
2.209	156.000	152.918	5671.000	2
2.306	155.000	153.577	5671.000	2
2.404	154.000	154.264	5671.000	2
2.502	153.000	154.982	5671.000	2
2.601	152.000	155.730	5671.000	2
2.701	151.000	156.508	5671.000	2
2.801	150.000	157.317	5671.000	2
2.903	149.000	158.157	5671.000	2
3.005	148.000	159.029	5671.000	2
3.108	147.000	159.932	5671.000	2
3.211	146.000	160.868	5671.000	2
3.316	145.000	161.836	5671.000	2
3.421	144.000	162.837	5671.000	2
3.528	143.000	163.872	5671.000	2
3.635	142.000	164.940	5671.000	2
3.743	141.000	166.043	5671.000	2
3.853	140.000	167.180	5671.000	2
3.963	139.000	168.351	5671.000	2
4.074	138.000	169.558	5671.000	2
4.187	137.000	170.801	5671.000	2
4.300	136.000	172.079	5671.000	2
4.415	135.000	173.394	5671.000	2
4.531	134.000	174.745	5671.000	2
4.648	133.000	176.134	5671.000	2
4.766	132.000	177.559	5671.000	2
4.886	131.000	179.023	5671.000	2
5.007	130.000	180.524	5671.000	2
5.129	129.000	182.063	5671.000	2
5.252	128.000	183.641	5671.000	2
5.377	127.000	185.258	5671.000	2
5.503	126.000	186.913	5671.000	2
5.630	125.000	188.607	5671.000	2
5.758	124.000	190.341	5671.000	2
5.889	123.000	192.114	5671.000	2
6.020	122.000	193.926	5671.000	2
6.153	121.000	195.778	5671.000	2
6.287	120.000	197.670	5671.000	2
6.423	119.000	199.601	5671.000	2
6.560	118.000	201.572	5671.000	2
6.699	117.000	203.583	5671.000	2
6.839	116.000	205.633	5671.000	2
6.980	115.000	207.724	5671.000	2
7.124	114.000	209.854	5671.000	2
7.268	113.000	212.026	5671.000	2
7.415	112.000	214.237	5671.000	2
7.563	111.000	216.490	5671.000	2
7.713	110.000	218.786	5671.000	2
7.865	109.000	221.124	5671.000	2
8.018	108.000	223.506	5671.000	2
8.174	107.000	225.935	5671.000	2
8.332	106.000	228.412	5671.000	2
8.492	105.000	230.940	5671.000	2
8.656	104.000	233.523	5671.000	2
8.822	103.000	236.164	5671.000	2
8.991	102.000	238.868	5671.000	2
9.164	101.000	241.640	5671.000	2
9.341	100.000	244.484	5671.000	2
9.522	99.000	247.403	5671.000	2
9.707	98.000	250.394	5671.000	2
9.896	97.000	253.450	5671.000	2
10.086	96.000	256.544	5671.000	2
10.275	95.000	259.626	5671.000	2
10.458	94.000	262.604	5671.000	2
10.625	93.000	265.323	5671.000	2
10.762	92.000	267.565	5671.000	2
10.854	91.000	269.066	5671.000	2
