23
0.000000	180.000000	79.880997	5671.000000	1
1.006000	169.000000	80.758003	5671.000000	1
2.047000	158.000000	83.447998	5671.000000	1
3.056000	148.000000	87.612000	5671.000000	1
4.041000	139.000000	92.936996	5671.000000	1
5.125000	130.000000	99.958000	5671.000000	1
6.051000	123.000000	106.723000	5671.000000	1
7.064000	116.000000	114.728996	5671.000000	1
8.012000	110.000000	122.656998	5671.000000	1
9.060000	104.000000	131.761002	5671.000000	1
10.068000	99.000000	140.731003	5671.000000	1
11.028000	95.000000	149.382004	5671.000000	1
0.000000	180.000000	145.371002	5671.000000	2
1.083000	168.000000	147.223999	5671.000000	2
2.017000	158.000000	151.688995	5671.000000	2
3.005000	148.000000	159.029007	5671.000000	2
4.074000	138.000000	169.557999	5671.000000	2
5.007000	130.000000	180.524002	5671.000000	2
6.020000	122.000000	193.925995	5671.000000	2
7.124000	114.000000	209.854004	5671.000000	2
8.018000	108.000000	223.505997	5671.000000	2
9.164000	101.000000	241.639999	5671.000000	2
10.086000	96.000000	256.544006	5671.000000	2
