215
11.028000	85.000000	149.382004	5671.000000	1
10.529000	83.000000	144.876007	5671.000000	1
14.166000	82.000000	177.979004	5651.000000	1
13.238000	81.000000	169.638000	5651.000000	1
12.562000	80.000000	163.580002	5651.000000	1
15.779000	79.000000	192.656006	5631.000000	1
17.787001	77.000000	210.707001	5611.000000	1
18.596001	75.000000	218.067001	5591.000000	1
21.407000	74.000000	242.889999	5571.000000	1
20.350000	72.000000	233.966995	5551.000000	1
23.313000	70.000000	260.054993	5511.000000	1
24.451000	69.000000	270.032990	5491.000000	1
25.325001	68.000000	277.713013	5471.000000	1
26.368000	66.000000	287.075012	5431.000000	1
31.180000	64.000000	327.533997	5371.000000	1
30.461000	63.000000	321.946014	5351.000000	1
29.927000	62.000000	317.993011	5331.000000	1
33.435001	61.000000	346.654999	5291.000000	1
32.248001	60.000000	337.600006	5271.000000	1
35.132999	59.000000	360.868011	5231.000000	1
38.196999	58.000000	385.109009	5191.000000	1
41.571999	57.000000	411.283997	5151.000000	1
37.793999	56.000000	382.880005	5131.000000	1
39.542000	55.000000	396.645996	5091.000000	1
40.985001	54.000000	407.966003	5051.000000	1
42.091999	53.000000	416.699005	5011.000000	1
48.139000	50.000000	461.682007	4871.000000	1
47.595001	49.000000	458.503998	4831.000000	1
52.066002	48.000000	489.726013	4771.000000	1
50.444000	47.000000	479.399994	4731.000000	1
53.813000	46.000000	502.484009	4671.000000	1
57.196999	45.000000	525.075989	4611.000000	1
60.469002	44.000000	546.361023	4551.000000	1
56.118999	43.000000	519.617004	4511.000000	1
65.267998	41.000000	576.900024	4371.000000	1
64.621002	38.000000	575.262024	4191.000000	1
69.549004	37.000000	603.625000	4111.000000	1
67.981003	36.000000	595.989990	4051.000000	1
71.778999	35.000000	617.216980	3971.000000	1
75.662003	34.000000	638.086975	3891.000000	1
79.648003	33.000000	658.653015	3811.000000	1
74.555000	32.000000	634.453979	3751.000000	1
76.413002	31.000000	644.617981	3671.000000	1
82.944000	30.000000	676.117981	3571.000000	1
82.725998	29.000000	676.567017	3483.000000	11
53.554001	29.000000	794.380005	3483.000000	12
151.009995	29.000000	1126.494019	2411.000000	1
69.578003	28.000000	619.447021	3483.000000	11
46.520000	28.000000	763.827026	3483.000000	12
141.080002	28.000000	1084.704956	2351.000000	1
62.237000	27.000000	588.625000	3483.000000	11
42.395000	27.000000	746.508972	3483.000000	12
135.475998	27.000000	1062.644043	2291.000000	1
56.751999	26.000000	566.380005	3483.000000	11
39.202999	26.000000	733.562012	3483.000000	12
131.044998	26.000000	1046.333984	2231.000000	1
52.257999	25.000000	548.796021	3483.000000	11
36.508999	25.000000	723.025024	3483.000000	12
48.395000	24.000000	534.237000	3483.000000	11
34.134998	24.000000	714.078979	3483.000000	12
130.235992	24.000000	1047.036987	2091.000000	1
44.973999	23.000000	521.843018	3483.000000	11
31.986000	23.000000	706.291016	3483.000000	12
134.957001	23.000000	1065.772949	2011.000000	1
41.882999	22.000000	511.093994	3483.000000	11
30.004999	22.000000	699.403015	3483.000000	12
128.389008	22.000000	1044.248047	1951.000000	1
39.047001	21.000000	501.651001	3483.000000	11
28.153999	21.000000	693.242004	3483.000000	12
36.416000	20.000000	493.277008	3483.000000	11
26.409000	20.000000	687.689026	3483.000000	12
133.852005	20.000000	1065.826050	1791.000000	1
33.951000	19.000000	485.802002	3483.000000	11
24.750000	19.000000	682.658020	3483.000000	12
31.625000	18.000000	479.096985	3483.000000	11
23.163000	18.000000	678.083984	3483.000000	12
137.065994	18.000000	1078.223022	1631.000000	1
29.416000	17.000000	473.062012	3483.000000	11
21.636999	17.000000	673.914978	3483.000000	12
136.940002	17.000000	1079.343018	1551.000000	1
27.306999	16.000000	467.618988	3483.000000	11
20.164000	16.000000	670.112000	3483.000000	12
25.283001	15.000000	462.704987	3483.000000	11
18.735001	15.000000	666.642029	3483.000000	12
23.332001	14.000000	458.268005	3483.000000	11
17.344000	14.000000	663.481018	3483.000000	12
146.606003	14.000000	1106.681030	1291.000000	1
21.445999	13.000000	454.266998	3483.000000	11
15.988000	13.000000	660.604004	3483.000000	12
129.800995	13.000000	1072.588013	1231.000000	1
19.615000	12.000000	450.666992	3483.000000	11
14.661000	12.000000	657.994995	3483.000000	12
110.335999	12.000000	1035.124023	1217.000000	1
17.832001	11.000000	447.437988	3483.000000	11
13.360000	11.000000	655.638000	3483.000000	12
93.816002	11.000000	1005.127991	1217.000000	1
16.091999	10.000000	444.557007	3483.000000	11
12.081000	10.000000	653.520996	3483.000000	12
81.219002	10.000000	984.242981	1217.000000	1
14.388000	9.000000	442.002014	3483.000000	11
10.822000	9.000000	651.633972	3483.000000	12
70.496002	9.000000	968.150024	1217.000000	1
12.716000	8.000000	439.756012	3483.000000	11
9.580000	8.000000	649.965027	3483.000000	12
60.921001	8.000000	955.281982	1217.000000	1
11.071000	7.000000	437.806000	3483.000000	11
8.353000	7.000000	648.510010	3483.000000	12
52.124001	7.000000	944.843994	1217.000000	1
9.449000	6.000000	436.136993	3483.000000	11
7.137000	6.000000	647.260010	3483.000000	12
43.883999	6.000000	936.364014	1217.000000	1
7.846000	5.000000	434.740997	3483.000000	11
5.933000	5.000000	646.210999	3483.000000	12
36.050999	5.000000	929.541016	1217.000000	1
6.258000	4.000000	433.609985	3483.000000	11
4.736000	4.000000	645.357971	3483.000000	12
28.521999	4.000000	924.171021	1217.000000	1
4.683000	3.000000	432.735992	3483.000000	11
3.546000	3.000000	644.698975	3483.000000	12
21.214001	3.000000	920.116028	1217.000000	1
3.117000	2.000000	432.115997	3483.000000	11
2.362000	2.000000	644.229004	3483.000000	12
14.060000	2.000000	917.280029	1217.000000	1
1.557000	1.000000	431.744995	3483.000000	11
1.180000	1.000000	643.947998	3483.000000	12
7.006000	1.000000	915.601990	1217.000000	1
10.086000	84.000000	256.544006	5671.000000	2
9.707000	82.000000	250.395004	5671.000000	2
12.315000	80.000000	293.260010	5651.000000	2
11.236000	78.000000	275.937988	5651.000000	2
14.076000	77.000000	321.980988	5631.000000	2
13.084000	76.000000	306.213989	5631.000000	2
17.614000	73.000000	378.583008	5591.000000	2
19.812000	72.000000	413.308990	5571.000000	2
21.535000	71.000000	440.438995	5551.000000	2
22.816999	70.000000	460.627991	5531.000000	2
23.719000	69.000000	474.884003	5511.000000	2
24.327000	68.000000	484.653015	5491.000000	2
30.125000	66.000000	573.125000	5431.000000	2
29.166000	65.000000	559.231018	5411.000000	2
28.584000	64.000000	551.200989	5391.000000	2
32.438999	63.000000	608.674988	5351.000000	2
31.132999	62.000000	590.283020	5331.000000	2
34.175999	61.000000	635.181030	5291.000000	2
37.293999	60.000000	680.443970	5251.000000	2
40.476002	59.000000	725.880981	5211.000000	2
36.866001	58.000000	675.984009	5191.000000	2
38.587002	57.000000	700.968994	5151.000000	2
39.986000	56.000000	721.302002	5111.000000	2
47.076000	54.000000	818.607971	5011.000000	2
46.549999	52.000000	813.564026	4931.000000	2
51.358002	51.000000	876.523987	4871.000000	2
49.909000	50.000000	859.187988	4831.000000	2
53.657001	49.000000	907.307007	4771.000000	2
57.597000	48.000000	956.612976	4711.000000	2
54.341000	47.000000	918.257996	4671.000000	2
56.594002	46.000000	946.778992	4611.000000	2
58.449001	45.000000	970.145020	4551.000000	2
59.875999	44.000000	988.247986	4491.000000	2
67.278999	42.000000	1074.051025	4351.000000	2
66.775002	41.000000	1069.833984	4291.000000	2
74.098000	40.000000	1148.854980	4211.000000	2
71.050003	39.000000	1118.024048	4151.000000	2
76.955002	38.000000	1179.394043	4071.000000	2
73.238998	37.000000	1143.469971	4011.000000	2
80.475998	35.000000	1216.345947	3851.000000	2
83.898003	34.000000	1249.048950	3771.000000	2
78.334999	33.000000	1200.086060	3711.000000	2
87.940002	32.000000	1286.538940	3611.000000	2
86.071999	31.000000	1272.015015	3531.000000	2
78.452003	30.000000	1210.609985	3483.000000	22
68.664001	29.000000	1131.697998	3483.000000	22
62.175999	28.000000	1081.040039	3483.000000	22
57.094002	27.000000	1042.656006	3483.000000	22
52.833000	26.000000	1011.557983	3483.000000	22
49.120998	25.000000	985.416992	3483.000000	22
45.804001	24.000000	962.921997	3483.000000	22
42.789001	23.000000	943.258972	3483.000000	22
40.011002	22.000000	925.872986	3483.000000	22
37.424999	21.000000	910.372986	3483.000000	22
34.997002	20.000000	896.471008	3483.000000	22
32.702999	19.000000	883.945007	3483.000000	22
30.521000	18.000000	872.624023	3483.000000	22
28.434999	17.000000	862.369995	3483.000000	22
26.434000	16.000000	853.072021	3483.000000	22
46.679001	15.000000	696.507019	3483.000000	21
24.504000	15.000000	844.640991	3483.000000	22
39.820999	14.000000	668.364014	3483.000000	21
22.638000	14.000000	836.999023	3483.000000	22
34.930000	13.000000	649.668030	3483.000000	21
20.827000	13.000000	830.086975	3483.000000	22
30.917999	12.000000	635.455017	3483.000000	21
19.063999	12.000000	823.848022	3483.000000	22
27.424000	11.000000	624.057007	3483.000000	21
17.344000	11.000000	818.239990	3483.000000	22
24.275000	10.000000	614.669006	3483.000000	21
15.661000	10.000000	813.224976	3483.000000	22
21.372999	9.000000	606.833984	3483.000000	21
14.010000	9.000000	808.770020	3483.000000	22
18.656000	8.000000	600.262024	3483.000000	21
12.388000	8.000000	804.848022	3483.000000	22
16.079000	7.000000	594.760010	3483.000000	21
10.789000	7.000000	801.437012	3483.000000	22
13.611000	6.000000	590.190002	3483.000000	21
9.211000	6.000000	798.515015	3483.000000	22
11.228000	5.000000	586.453979	3483.000000	21
7.651000	5.000000	796.068970	3483.000000	22
8.910000	4.000000	583.479980	3483.000000	21
6.104000	4.000000	794.085022	3483.000000	22
6.642000	3.000000	581.215027	3483.000000	21
4.569000	3.000000	792.552002	3483.000000	22
4.409000	2.000000	579.622009	3483.000000	21
3.041000	2.000000	791.463013	3483.000000	22
2.199000	1.000000	578.674988	3483.000000	21
1.519000	1.000000	790.812012	3483.000000	22
